2a 0.0 1.0 0.0050499999999999998
7a 0.0 1.0 -0.021000000000000001
9a 0.0 1.0 0.41899999999999998
10a 0.0 1.0 8.5099999999999998e-15
19a 0.0 1.0 -0.025000000000000001
22a 0.0 1.0 0.41199999999999998
23a 0.0 1.0 -0.0246
33b 0.0 1.0 -0.015100000000000001
35a 0.0 1.0 0.019400000000000001
43a 0.0 1.0 -0.024400000000000002
43b 0.0 1.0 0.23699999999999999
47a 0.0 1.0 0.128
47b 0.0 1.0 -0.0050499999999999998
49b 0.0 1.0 -0.0143
59b 0.0 1.0 2.8399999999999999
65a 0.0 1.0 -0.014800000000000001
67a 0.0 1.0 0.105
67c 0.0 1.0 -0.024899999999999999
82a 0.0 1.0 -0.0097300000000000008
85a 0.0 1.0 -0.013599999999999999
85b 0.0 1.0 0.091600000000000001
85f 0.0 1.0 0.11
88a 0.0 1.0 -0.0132
98a 0.0 1.0 -0.00331
