2a 1.0 2.0 0.18813479899999999
7a 1.0 2.0 0.45930240900000002
9a 1.0 2.0 1.5988418550000001
10a 1.0 2.0 -0.020522460999999999
19a 1.0 2.0 0.11630064800000001
22a 1.0 2.0 0.94696914200000004
23a 1.0 2.0 0.196002759
33b 1.0 2.0 0.035005603000000003
35a 1.0 2.0 0.56979186100000001
43a 1.0 2.0 0.064329912000000003
43b 1.0 2.0 1.9411837190000001
47a 1.0 2.0 1.3511956789999999
47b 1.0 2.0 -0.023534599999999999
49b 1.0 2.0 0.22082608300000001
59b 1.0 2.0 0.43361112000000002
65a 1.0 2.0 0.009040111
67a 1.0 2.0 0.42964081900000001
67c 1.0 2.0 1.0307247719999999
82a 1.0 2.0 0.041833001000000002
85a 1.0 2.0 0.209148047
85b 1.0 2.0 0.85033108800000001
85f 1.0 2.0 0.38994073400000001
88a 1.0 2.0 -0.011860597000000001
98a 1.0 2.0 0.77582467700000002
