Dt 1e-5
Duration 1.0
Neuron 24
2a -0.05 -0.070000000000000007 -0.025000000000000001 0.121404082 1.0
7a -0.05 -0.070000000000000007 -0.025000000000000001 0.057131332999999999 1.0
9a -0.05 -0.070000000000000007 -0.025000000000000001 0.32374421799999997 1.0
10a -0.05 -0.070000000000000007 -0.025000000000000001 0.069373761000000006 1.0
19a -0.05 -0.070000000000000007 -0.025000000000000001 0.033490780999999997 1.0
22a -0.05 -0.070000000000000007 -0.025000000000000001 0.24280816399999999 1.0
23a -0.05 -0.070000000000000007 -0.025000000000000001 0.107914739 1.0
33b -0.05 -0.070000000000000007 -0.025000000000000001 0.038849306 1.0
35a -0.05 -0.070000000000000007 -0.025000000000000001 0.057131332999999999 1.0
43a -0.05 -0.070000000000000007 -0.025000000000000001 0.046249173999999997 1.0
43b -0.05 -0.070000000000000007 -0.025000000000000001 0.48561632700000001 1.0
47a -0.05 -0.070000000000000007 -0.025000000000000001 0.971232655 1.0
47b -0.05 -0.070000000000000007 -0.025000000000000001 0.020664525 1.0
49b -0.05 -0.070000000000000007 -0.025000000000000001 0.121404082 1.0
59b -0.05 -0.070000000000000007 -0.025000000000000001 0.48561632700000001 1.0
65a -0.05 -0.070000000000000007 -0.025000000000000001 0.053957369999999998 1.0
67a -0.05 -0.070000000000000007 -0.025000000000000001 0.088293878000000006 1.0
67c -0.05 -0.070000000000000007 -0.025000000000000001 0.16187210899999999 1.0
82a -0.05 -0.070000000000000007 -0.025000000000000001 0.060702040999999998 1.0
85a -0.05 -0.070000000000000007 -0.025000000000000001 0.069373761000000006 1.0
85b -0.05 -0.070000000000000007 -0.025000000000000001 0.074710204000000002 1.0
85f -0.05 -0.070000000000000007 -0.025000000000000001 0.13874752200000001 1.0
88a -0.05 -0.070000000000000007 -0.025000000000000001 0.037355102000000001 1.0
98a -0.05 -0.070000000000000007 -0.025000000000000001 0.080936055000000007 1.0
