2a 1.0 2.0 0.052499999999999998
7a 1.0 2.0 0.054399999999999997
9a 1.0 2.0 0.36099999999999999
10a 1.0 2.0 0.0146
19a 1.0 2.0 -0.02
22a 1.0 2.0 0.59699999999999998
23a 1.0 2.0 -0.012800000000000001
33b 1.0 2.0 0.058999999999999997
35a 1.0 2.0 0.095100000000000004
43a 1.0 2.0 -0.0037799999999999999
43b 1.0 2.0 0.30299999999999999
47a 1.0 2.0 0.56499999999999995
47b 1.0 2.0 -0.0167
49b 1.0 2.0 0.047199999999999999
59b 1.0 2.0 0.39000000000000001
65a 1.0 2.0 0.0067600000000000004
67a 1.0 2.0 0.0111
67c 1.0 2.0 0.14299999999999999
82a 1.0 2.0 0.0076099999999999996
85a 1.0 2.0 0.041799999999999997
85b 1.0 2.0 0.055
85f 1.0 2.0 0.035700000000000003
88a 1.0 2.0 -0.011900000000000001
98a 1.0 2.0 0.017100000000000001
