
Dt 1e-5
Duration 8
Neuron 23
OSN1 -0.045 -0.07 -0.025 0.6 1.0
OSN2 -0.045 -0.07 -0.025 0.6 1.0
OSN3 -0.045 -0.07 -0.025 0.6 1.0
OSN4 -0.045 -0.07 -0.025 0.6 1.0
OSN5 -0.045 -0.07 -0.025 0.6 1.0
OSN6 -0.045 -0.07 -0.025 0.6 1.0
OSN7 -0.045 -0.07 -0.025 0.6 1.0
OSN8 -0.045 -0.07 -0.025 0.6 1.0
OSN9 -0.045 -0.07 -0.025 0.6 1.0
OSN10 -0.045 -0.07 -0.025 0.6 1.0

PN1 -0.06 -0.08 -0.055 0.5 0.9
PN2 -0.059 -0.078 -0.045 0.5 0.9
PN3 -0.058 -0.075 -0.050 0.5 0.9
PN4 -0.06 -0.08 -0.055 0.5 0.9
PN5 -0.059 -0.078 -0.045 0.5 0.9
PN6 -0.058 -0.075 -0.050 0.5 0.9
PN7 -0.06 -0.08 -0.055 0.5 0.9
PN8 -0.059 -0.078 -0.045 0.5 0.9
PN9 -0.058 -0.075 -0.050 0.5 0.9
PN10 -0.06 -0.08 -0.055 0.5 0.9

LN1 -0.054 -0.068 -0.031 0.57 0.8
LN2 -0.054 -0.068 -0.031 0.57 0.8
LN3 -0.054 -0.068 -0.031 0.57 0.8

Synapse 16

OSN1 PN1 1.0 0.05 400 1
OSN2 PN2 1.0 0.054 380 1
OSN3 PN3 1.0 0.053 370 1
OSN4 PN4 1.0 0.05 400 1
OSN5 PN5 1.0 0.054 380 1
OSN6 PN6 1.0 0.053 370 1
OSN7 PN7 1.0 0.05 400 1
OSN8 PN8 1.0 0.054 380 1
OSN9 PN9 1.0 0.053 370 1
OSN10 PN10 1.0 0.05 400 1

OSN1 LN1 1.0 0.042 600 1
OSN2 LN2 1.0 0.045 630 1
OSN3 LN3 1.0 0.041 620 1

LN1 PN1 0.5 0.061 300 -1
LN2 PN2 0.5 0.064 400 -1
LN3 PN3 0.5 0.062 450 -1

PreSyn 6
LN1 OSN2 PN2 -400
LN1 OSN3 PN3 -400
LN2 OSN1 PN1 -400
LN2 OSN3 PN3 -400
LN3 OSN1 PN1 -400
LN3 OSN2 PN2 -400

