Dt 1e-5
Duration 1.0
Neuron 72
2a -0.05 -0.070000000000000007 -0.025000000000000001 0.121404082 1.0
7a -0.05 -0.070000000000000007 -0.025000000000000001 0.057131332999999999 1.0
9a -0.05 -0.070000000000000007 -0.025000000000000001 0.32374421799999997 1.0
10a -0.05 -0.070000000000000007 -0.025000000000000001 0.069373761000000006 1.0
19a -0.05 -0.070000000000000007 -0.025000000000000001 0.033490780999999997 1.0
22a -0.05 -0.070000000000000007 -0.025000000000000001 0.24280816399999999 1.0
23a -0.05 -0.070000000000000007 -0.025000000000000001 0.107914739 1.0
33b -0.05 -0.070000000000000007 -0.025000000000000001 0.038849306 1.0
35a -0.05 -0.070000000000000007 -0.025000000000000001 0.057131332999999999 1.0
43a -0.05 -0.070000000000000007 -0.025000000000000001 0.046249173999999997 1.0
43b -0.05 -0.070000000000000007 -0.025000000000000001 0.48561632700000001 1.0
47a -0.05 -0.070000000000000007 -0.025000000000000001 0.971232655 1.0
47b -0.05 -0.070000000000000007 -0.025000000000000001 0.020664525 1.0
49b -0.05 -0.070000000000000007 -0.025000000000000001 0.121404082 1.0
59b -0.05 -0.070000000000000007 -0.025000000000000001 0.48561632700000001 1.0
65a -0.05 -0.070000000000000007 -0.025000000000000001 0.053957369999999998 1.0
67a -0.05 -0.070000000000000007 -0.025000000000000001 0.088293878000000006 1.0
67c -0.05 -0.070000000000000007 -0.025000000000000001 0.16187210899999999 1.0
82a -0.05 -0.070000000000000007 -0.025000000000000001 0.060702040999999998 1.0
85a -0.05 -0.070000000000000007 -0.025000000000000001 0.069373761000000006 1.0
85b -0.05 -0.070000000000000007 -0.025000000000000001 0.074710204000000002 1.0
85f -0.05 -0.070000000000000007 -0.025000000000000001 0.13874752200000001 1.0
88a -0.05 -0.070000000000000007 -0.025000000000000001 0.037355102000000001 1.0
98a -0.05 -0.070000000000000007 -0.025000000000000001 0.080936055000000007 1.0

PN1 -0.059 -0.078 -0.045 0.5 0.9
PN2 -0.059 -0.078 -0.045 0.5 0.9
PN3 -0.058 -0.075 -0.050 0.5 0.9
PN4 -0.06 -0.08 -0.055 0.5 0.9
PN5 -0.059 -0.078 -0.045 0.5 0.9
PN6 -0.058 -0.075 -0.050 0.5 0.9
PN7 -0.06 -0.08 -0.055 0.5 0.9
PN8 -0.059 -0.078 -0.045 0.5 0.9
PN9 -0.058 -0.075 -0.050 0.5 0.9
PN10 -0.06 -0.08 -0.055 0.5 0.9
PN11 -0.059 -0.078 -0.045 0.5 0.9
PN12 -0.059 -0.078 -0.045 0.5 0.9
PN13 -0.058 -0.075 -0.050 0.5 0.9
PN14 -0.06 -0.08 -0.055 0.5 0.9
PN15 -0.059 -0.078 -0.045 0.5 0.9
PN16 -0.058 -0.075 -0.050 0.5 0.9
PN17 -0.06 -0.08 -0.055 0.5 0.9
PN18 -0.059 -0.078 -0.045 0.5 0.9
PN19 -0.058 -0.075 -0.050 0.5 0.9
PN20 -0.06 -0.08 -0.055 0.5 0.9
PN21 -0.06 -0.08 -0.055 0.5 0.9
PN22 -0.059 -0.078 -0.045 0.5 0.9
PN23 -0.058 -0.075 -0.050 0.5 0.9
PN24 -0.06 -0.08 -0.055 0.5 0.9

LN1 -0.054 -0.068 -0.031 0.57 0.8
LN2 -0.054 -0.068 -0.031 0.57 0.8
LN3 -0.054 -0.068 -0.031 0.57 0.8
LN4 -0.054 -0.068 -0.031 0.57 0.8
LN5 -0.054 -0.068 -0.031 0.57 0.8
LN6 -0.054 -0.068 -0.031 0.57 0.8
LN7 -0.054 -0.068 -0.031 0.57 0.8
LN8 -0.054 -0.068 -0.031 0.57 0.8
LN9 -0.054 -0.068 -0.031 0.57 0.8
LN10 -0.054 -0.068 -0.031 0.57 0.8
LN11 -0.054 -0.068 -0.031 0.57 0.8
LN12 -0.054 -0.068 -0.031 0.57 0.8
LN13 -0.054 -0.068 -0.031 0.57 0.8
LN14 -0.054 -0.068 -0.031 0.57 0.8
LN15 -0.054 -0.068 -0.031 0.57 0.8
LN16 -0.054 -0.068 -0.031 0.57 0.8
LN17 -0.054 -0.068 -0.031 0.57 0.8
LN18 -0.054 -0.068 -0.031 0.57 0.8
LN19 -0.054 -0.068 -0.031 0.57 0.8
LN20 -0.054 -0.068 -0.031 0.57 0.8
LN21 -0.054 -0.068 -0.031 0.57 0.8
LN22 -0.054 -0.068 -0.031 0.57 0.8
LN23 -0.054 -0.068 -0.031 0.57 0.8
LN24 -0.054 -0.068 -0.031 0.57 0.8

Synapse 72

2a PN1 1.0 0.054 380 1
7a PN2 1.0 0.054 380 1
9a PN3 1.0 0.053 370 1
10a PN4 1.0 0.05 400 1
19a PN5 1.0 0.054 380 1
22a PN6 1.0 0.053 370 1
23a PN7 1.0 0.05 400 1
33b PN8 1.0 0.054 380 1
35a PN9 1.0 0.053 370 1
43a PN10 1.0 0.05 400 1
43b PN11 1.0 0.054 380 1
47a PN12 1.0 0.054 380 1
47b PN13 1.0 0.053 370 1
59b PN14 1.0 0.05 400 1
59b PN15 1.0 0.05 400 1
65a PN16 1.0 0.054 380 1
67a PN17 1.0 0.053 370 1
67c PN18 1.0 0.05 400 1
82a PN19 1.0 0.054 380 1
85a PN20 1.0 0.053 370 1
85b PN21 1.0 0.05 400 1
85f PN22 1.0 0.054 380 1
88a PN23 1.0 0.054 380 1
98a PN24 1.0 0.053 370 1

2a LN1 1.0 0.045 630 1
7a LN2 1.0 0.045 630 1
9a LN3 1.0 0.045 630 1
10a LN4 1.0 0.045 630 1
19a LN5 1.0 0.045 630 1
22a LN6 1.0 0.045 630 1
23a LN7 1.0 0.045 630 1
33b LN8 1.0 0.045 630 1
35a LN9 1.0 0.045 630 1
43a LN10 1.0 0.045 630 1
43b LN11 1.0 0.045 630 1
47a LN12 1.0 0.045 630 1
47b LN13 1.0 0.045 630 1
59b LN14 1.0 0.045 630 1
59b LN15 1.0 0.045 630 1
65a LN16 1.0 0.045 630 1
67a LN17 1.0 0.045 630 1
67c LN18 1.0 0.045 630 1
82a LN19 1.0 0.045 630 1
85a LN20 1.0 0.045 630 1
85b LN21 1.0 0.045 630 1
85f LN22 1.0 0.045 630 1
88a LN23 1.0 0.045 630 1
98a LN24 1.0 0.045 630 1

LN1 PN1 0.5 0.064 400 -1
LN2 PN2 0.5 0.064 400 -1
LN3 PN3 0.5 0.062 450 -1
LN4 PN4 0.5 0.061 300 -1
LN5 PN5 0.5 0.064 400 -1
LN6 PN6 0.5 0.062 450 -1
LN7 PN7 0.5 0.061 300 -1
LN8 PN8 0.5 0.064 400 -1
LN9 PN9 0.5 0.062 450 -1
LN10 PN10 0.5 0.061 300 -1
LN11 PN11 0.5 0.064 400 -1
LN12 PN12 0.5 0.064 400 -1
LN13 PN13 0.5 0.062 450 -1
LN14 PN14 0.5 0.061 300 -1
LN15 PN15 0.5 0.064 400 -1
LN16 PN16 0.5 0.062 450 -1
LN17 PN17 0.5 0.061 300 -1
LN18 PN18 0.5 0.064 400 -1
LN19 PN19 0.5 0.062 450 -1
LN20 PN20 0.5 0.061 300 -1
LN21 PN21 0.5 0.064 400 -1
LN22 PN22 0.5 0.064 400 -1
LN23 PN23 0.5 0.062 450 -1
LN24 PN24 0.5 0.061 300 -1
Ignore 46
LN15 PN1 0.5 0.064 400 -1
LN15 PN2 0.5 0.064 400 -1
LN15 PN3 0.5 0.062 450 -1
LN15 PN4 0.5 0.061 300 -1
LN15 PN5 0.5 0.064 400 -1
LN15 PN6 0.5 0.062 450 -1
LN15 PN7 0.5 0.061 300 -1
LN15 PN8 0.5 0.064 400 -1
LN15 PN9 0.5 0.062 450 -1
LN15 PN10 0.5 0.061 300 -1
LN15 PN11 0.5 0.064 400 -1
LN15 PN12 0.5 0.064 400 -1
LN15 PN13 0.5 0.062 450 -1
LN15 PN14 0.5 0.061 300 -1
LN15 PN16 0.5 0.062 450 -1
LN15 PN17 0.5 0.061 300 -1
LN15 PN18 0.5 0.064 400 -1
LN15 PN19 0.5 0.062 450 -1
LN15 PN20 0.5 0.061 300 -1
LN15 PN21 0.5 0.064 400 -1
LN15 PN22 0.5 0.064 400 -1
LN15 PN23 0.5 0.062 450 -1
LN15 PN24 0.5 0.061 300 -1

LN2 PN1 0.5 0.064 400 -1
LN2 PN15 0.5 0.064 400 -1
LN2 PN3 0.5 0.062 450 -1
LN2 PN4 0.5 0.061 300 -1
LN2 PN5 0.5 0.064 400 -1
LN2 PN6 0.5 0.062 450 -1
LN2 PN7 0.5 0.061 300 -1
LN2 PN8 0.5 0.064 400 -1
LN2 PN9 0.5 0.062 450 -1
LN2 PN10 0.5 0.061 300 -1
LN2 PN11 0.5 0.064 400 -1
LN2 PN12 0.5 0.064 400 -1
LN2 PN13 0.5 0.062 450 -1
LN2 PN14 0.5 0.061 300 -1
LN2 PN16 0.5 0.062 450 -1
LN2 PN17 0.5 0.061 300 -1
LN2 PN18 0.5 0.064 400 -1
LN2 PN19 0.5 0.062 450 -1
LN2 PN20 0.5 0.061 300 -1
LN2 PN21 0.5 0.064 400 -1
LN2 PN22 0.5 0.064 400 -1
LN2 PN23 0.5 0.062 450 -1
LN2 PN24 0.5 0.061 300 -1

Ignore 7
PreSyn 6
LN1 OSN2 PN2 -400
LN1 OSN3 PN3 -400
LN2 OSN1 PN1 -400
LN2 OSN3 PN3 -400
LN3 OSN1 PN1 -400
LN3 OSN2 PN2 -400
